Group 1 Cluster 5:
Community 16:
623, 936, 20240408050106, 20240408055027

Group 1 Cluster 3:
Community 26:
24, 775, 20240425205640, 20240426011031
Community 37:
150, 795, 20240227055707, 20240227101432
Community 45:
733, 863, 20240912031737, 20240912073427
Community 46:
145, 493, 20240311030054, 20240311075313

Group 1 Cluster 1:
Community 30:
216, 710, 20241014090726, 20241014154245
Community 33:
50, 749, 20240302115322, 20240302180800
Community 34:
193, 949, 20240226005443, 20240226081744
Community 40:
316, 360, 20240622010410, 20240622090239
Community 47:
410, 802, 20240229064400, 20240229143226

Group 1 Cluster 2:
Community 32:
740, 743, 20240624052302, 20240624082604
Community 39:
128, 280, 20241106102440, 20241106134639
Community 44:
541, 989, 20240608073046, 20240608102544

Group 1 Cluster 4:
Community 35:
47, 620, 20240603195246, 20240603213245
Community 38:
273, 976, 20241124185552, 20241124201836
Community 42:
647, 861, 20240112103455, 20240112121058
Community 48:
780, 873, 20241107095341, 20241107115241

Group 1 Cluster 6:
Community 41:
261, 865, 20240121160741, 20240121163407

Group 2 Cluster 6:
Community 2:
419, 518, 20240302155007, 20240302220343
134, 779, 20240523214105, 20240524022319
134, 486, 20240527093355, 20240527100706
134, 345, 20241112061756, 20241112122028
447, 894, 20240425043006, 20240425062919
235, 779, 20240204223616, 20240205050326
81, 281, 20240428111549, 20240428123457
81, 107, 20240309163704, 20240309191129
486, 513, 20240516175158, 20240516210739
442, 779, 20241208033145, 20241208112349
442, 458, 20240412080400, 20240412134549
774, 894, 20240622115250, 20240622181316
108, 281, 20240417212952, 20240418050325
108, 774, 20240714211802, 20240715041739
108, 952, 20241229015119, 20241229080344
177, 419, 20241117010619, 20241117064714
177, 458, 20240802132358, 20240802170931
458, 513, 20240131163701, 20240131231250
107, 486, 20240110134850, 20240110212436
107, 162, 20240104022033, 20240104091644
15, 102, 20240709200626, 20240709211531
102, 442, 20240924002130, 20240924035050
346, 447, 20240408065946, 20240408130338
636, 756, 20240519051022, 20240519064344
756, 779, 20240504234719, 20240505040001
18, 458, 20240506014740, 20240506043114

Group 2 Cluster 8:
Community 10:
451, 753, 20241024043029, 20241024121609
451, 917, 20240530034725, 20240530065334
306, 543, 20240609102619, 20240609105650
306, 694, 20241210111406, 20241210182917
306, 895, 20241003141451, 20241003182223
543, 985, 20240922045206, 20240922051530
143, 985, 20240127185307, 20240127220256
143, 843, 20241010052536, 20241010063528
143, 434, 20240410191747, 20240411014201
753, 901, 20241220003110, 20241220020748
354, 753, 20241025003852, 20241025041314
354, 933, 20240710084353, 20240710151945
354, 909, 20241111064850, 20241111135640
213, 985, 20240815233423, 20240816005407
213, 933, 20240426111115, 20240426135131
213, 263, 20240726105757, 20240726134628
213, 384, 20240314150708, 20240314172742
213, 417, 20240108062823, 20240108133629
434, 843, 20241118122603, 20241118151514
434, 917, 20240526050019, 20240526124623
19, 119, 20240119222904, 20240119231536
119, 306, 20240822172236, 20240822210849
119, 981, 20240411103647, 20240411112759
384, 939, 20240305002214, 20240305030733
210, 213, 20240731192531, 20240731201849
210, 895, 20241001192052, 20241002004415
901, 948, 20240212113612, 20240212184645
689, 895, 20240305154417, 20240305221935

Group 2 Cluster 4:
Community 15:
255, 835, 20240523020055, 20240523060843
69, 886, 20240908190944, 20240908231445
69, 260, 20240122064340, 20240122095818
69, 387, 20241009162419, 20241009165147
886, 982, 20240727145536, 20240727162643
106, 295, 20240207075855, 20240207141718
106, 515, 20240622115954, 20240622172055
98, 835, 20240222154648, 20240222223727
98, 209, 20240205002809, 20240205022019
546, 835, 20240619173045, 20240620004304
546, 991, 20240912173205, 20240912210208
85, 412, 20240905181424, 20240905230826
85, 991, 20241111121700, 20241111183634
412, 811, 20240818021338, 20240818033221
35, 209, 20241110134946, 20241110150731
35, 387, 20241226045831, 20241226122243
233, 295, 20240329121138, 20240329191616
233, 412, 20240218131836, 20240218205825
67, 69, 20240203210947, 20240203233417
800, 991, 20241025021746, 20241025083120
Community 22:
404, 838, 20240923224323, 20240924041620
404, 826, 20241206032416, 20241206033040
339, 826, 20240208214314, 20240208214555
339, 829, 20240216040309, 20240216063939
339, 915, 20240521102844, 20240521155719
538, 682, 20240413061504, 20240413113552
682, 950, 20240722001633, 20240722035514
357, 682, 20240422061400, 20240422112345
357, 829, 20240207233143, 20240208051538
63, 635, 20240621020737, 20240621084111
63, 370, 20240804170720, 20240804235422
635, 682, 20240501232248, 20240502004637
370, 645, 20240915061218, 20240915082720
60, 185, 20241124021644, 20241124083310
185, 829, 20240505073623, 20240505113153
679, 836, 20240512085334, 20240512142215
836, 950, 20240930114606, 20240930121912
314, 404, 20241021110911, 20241021180434
314, 475, 20240625035314, 20240625062854
12, 838, 20240302041115, 20240302062831

Group 2 Cluster 1:
Community 20:
311, 479, 20240116134805, 20240116211225
311, 855, 20240524000125, 20240524012135
Community 25:
534, 675, 20240427032354, 20240427073503
534, 814, 20240503073404, 20240503091902
Community 29:
355, 704, 20241023213835, 20241023220411
79, 704, 20240928185411, 20240928235744
Community 36:
285, 883, 20241122230503, 20241123050334
7, 285, 20240811043511, 20240811110731
Community 43:
248, 349, 20240220190955, 20240221010317
302, 349, 20240215103610, 20240215175540

Group 2 Cluster 7:
Community 21:
122, 228, 20240219234221, 20240220073117
122, 607, 20240305010341, 20240305013644
122, 688, 20240615062318, 20240615132255
181, 621, 20240406163347, 20240406192019
42, 228, 20241115010005, 20241115050626
42, 957, 20241203081233, 20241203155613
61, 957, 20240906044656, 20240906054134
688, 955, 20240328150209, 20240328202837
93, 228, 20240616175556, 20240616203511
93, 959, 20241115121130, 20241115190544
93, 621, 20240809150042, 20240809223231
422, 688, 20240220115721, 20240220172400

Group 2 Cluster 5:
Community 27:
765, 970, 20240922070117, 20240922084608
54, 141, 20240127164625, 20240127173855
54, 781, 20240906020139, 20240906075302
141, 765, 20240830091927, 20240830114245
332, 858, 20240229171728, 20240229173414
332, 781, 20240402211531, 20240402234811
332, 662, 20240602144042, 20240602161854
697, 970, 20241215084750, 20241215115208
697, 842, 20240214115805, 20240214124602
781, 805, 20240724160930, 20240724164609
463, 970, 20241207195050, 20241207230617
463, 662, 20240205025809, 20240205093348
662, 703, 20241010201229, 20241010212006
380, 970, 20240907144603, 20240907212106
342, 961, 20240523201133, 20240523211707
100, 842, 20240422202223, 20240423013211
428, 781, 20240103045218, 20240103114934
224, 961, 20240222073643, 20240222131234
692, 805, 20240609100217, 20240609142707
692, 961, 20241031012542, 20241031014053
34, 765, 20240301215106, 20240302025724
126, 781, 20240228065806, 20240228130346
471, 703, 20240526043916, 20240526115505
206, 342, 20240317085235, 20240317150216
53, 342, 20240104012337, 20240104022041

Group 2 Cluster 3:
Community 28:
571, 912, 20241025123638, 20241025124454
116, 220, 20240709101100, 20240709163837
220, 912, 20240113072614, 20240113114559
Community 31:
187, 396, 20240610204303, 20240610230556
187, 300, 20240905131310, 20240905133850
300, 731, 20240609031923, 20240609053934

Group 2 Cluster 2:
Community 49:
600, 661, 20240719202218, 20240720015029
Community 50:
501, 671, 20240724174735, 20240724230340
Community 51:
395, 724, 20240703062719, 20240703094211
Community 52:
46, 821, 20240331141304, 20240331150313
Community 53:
278, 328, 20241116185100, 20241116193432

Group 3 Cluster 2:
Community 1:
371, 549, 20240318013535, 20240318030219
371, 812, 20240412020025, 20240412053609
371, 670, 20240606074446, 20240606110610
340, 378, 20240918161950, 20240918172041
378, 466, 20240918071254, 20240918140257
667, 767, 20241101133614, 20241101175233
368, 627, 20240112043512, 20240112122716
368, 767, 20240205225900, 20240206062846
64, 627, 20240407064043, 20240407074414
64, 168, 20240928095457, 20240928114604
64, 226, 20241022113437, 20241022183018
257, 925, 20241007111457, 20241007182545
257, 707, 20240626100106, 20240626174344
767, 925, 20240308140308, 20240308194017
549, 627, 20240408074017, 20240408100436
890, 899, 20240629052402, 20240629055550
899, 925, 20240723004250, 20240723024304
226, 378, 20240904135727, 20240904163115
45, 71, 20240603035909, 20240603102716
45, 433, 20241020095605, 20241020154040
71, 839, 20241125055722, 20241125131254
72, 381, 20240614121045, 20240614191221
72, 593, 20240527122521, 20240527183618
381, 670, 20240512211223, 20240513012106
707, 974, 20240208004134, 20240208041434
707, 973, 20240227072425, 20240227110628
839, 899, 20240905105118, 20240905132217
96, 707, 20240719120422, 20240719125159
96, 612, 20240903132343, 20240903144515
468, 974, 20240512085929, 20240512121855
466, 876, 20240120051319, 20240120130536
876, 974, 20240416103045, 20240416145019
402, 667, 20241006151640, 20241006205427
402, 646, 20240820041732, 20240820073334
366, 925, 20240704002340, 20240704024026
Community 6:
759, 879, 20240504050724, 20240504091832
386, 483, 20240423023227, 20240423062801
386, 496, 20240702050300, 20240702103452
214, 864, 20240808142433, 20240808220755
214, 728, 20240310040908, 20240310043119
30, 483, 20241216191743, 20241217012737
167, 214, 20240530210634, 20240531041316
301, 483, 20240813170044, 20240814005340
301, 898, 20241006212235, 20241007034139
608, 864, 20240109052154, 20240109092701
504, 879, 20240927085339, 20240927150840
551, 626, 20240328020652, 20240328031958
147, 319, 20241201020612, 20241201063714
21, 483, 20241129215301, 20241130015930
21, 452, 20240203143809, 20240203221539
251, 759, 20240118041858, 20240118075939
469, 544, 20240718101708, 20240718104103
469, 657, 20240228173724, 20240228213234
197, 301, 20241202024448, 20241202092403
197, 879, 20240811215448, 20240812043044
197, 544, 20241118035341, 20241118103810
75, 759, 20240819133738, 20240819150440
75, 626, 20241030084627, 20241030161701
25, 75, 20241213133505, 20241213161958
25, 956, 20240119064840, 20240119105159
136, 608, 20240328201505, 20240329005946
136, 956, 20240515125953, 20240515133827
303, 319, 20241017102909, 20241017121133
303, 728, 20240424213210, 20240425002744
Community 9:
250, 298, 20240302183719, 20240303014033
250, 490, 20240603070442, 20240603130928
298, 561, 20240728055427, 20240728124812
299, 561, 20240721171513, 20240721204024
299, 637, 20240919233218, 20240920030807
299, 631, 20241121000020, 20241121044838
135, 850, 20240111062753, 20240111091350
135, 750, 20240528201500, 20240528212601
561, 978, 20240103162728, 20240103195251
17, 739, 20241110144812, 20241110160515
17, 32, 20240424205426, 20240424220133
17, 94, 20240612182204, 20240612183819
17, 244, 20240509034434, 20240509092447
205, 698, 20241128115844, 20241128131903
205, 308, 20241107020634, 20241107054621
698, 716, 20240118084937, 20240118104745
698, 994, 20240909004357, 20240909012416
460, 637, 20240830160428, 20240830224841
376, 850, 20240901202849, 20240901204125
376, 965, 20241030000409, 20241030050617
668, 766, 20240519112800, 20240519160836
32, 685, 20240302023158, 20240302085130
32, 262, 20240929022132, 20240929064110
114, 205, 20240217084415, 20240217105316
114, 629, 20240508112959, 20240508185107
629, 637, 20240919031420, 20240919090619
277, 716, 20240307034015, 20240307045629
631, 739, 20241115005928, 20241115062246
308, 629, 20240129112230, 20240129124003
271, 766, 20240929151555, 20240929205356
685, 750, 20240215053037, 20240215084447
294, 629, 20240629022857, 20240629081456
294, 815, 20240512154047, 20240512183311
262, 460, 20240729013355, 20240729013841
92, 668, 20240810231838, 20240811012627
92, 308, 20240602123031, 20240602185257
92, 296, 20240313035915, 20240313112547
Community 18:
424, 677, 20241018145714, 20241018225059
677, 986, 20241115232244, 20241116060904
677, 872, 20240108112005, 20240108153101
677, 763, 20240504215354, 20240504235040
432, 963, 20240918115917, 20240918134223
225, 432, 20240211224046, 20240211235115
225, 897, 20240616182652, 20240616221828
225, 467, 20240813154333, 20240813213444
242, 778, 20241224202038, 20241225021418
242, 892, 20240722202015, 20240723011944
664, 672, 20241027040139, 20241027104411
52, 393, 20240303215539, 20240304030355
52, 686, 20241217125541, 20241217174642
467, 881, 20241213004732, 20241213075923
331, 448, 20240312014935, 20240312034546
881, 986, 20240717145632, 20240717170124
40, 467, 20241029183827, 20241029195549
104, 672, 20241130224612, 20241201022805
806, 872, 20240712223100, 20240713035503
806, 889, 20241102120016, 20241102184443
872, 902, 20240412003704, 20240412080128
170, 881, 20241229144704, 20241229162955
170, 191, 20241026161624, 20241026165951
170, 791, 20241130185723, 20241130233511
170, 454, 20240715161338, 20240715204055
196, 393, 20241224002602, 20241224055422
196, 791, 20240513111546, 20240513172439
525, 913, 20240302044226, 20240302104015
831, 963, 20240923100708, 20240923142224
268, 432, 20240318205401, 20240318235743
268, 672, 20241003035227, 20241003094914
153, 225, 20241127004249, 20241127015528
454, 892, 20241118080024, 20241118100434
454, 525, 20240608150147, 20240608165456
552, 897, 20240331003211, 20240331074930
482, 889, 20240117063015, 20240117131001
477, 902, 20240125215207, 20240125233631
97, 791, 20240805114221, 20240805125931
5, 424, 20241113082654, 20241113134803
5, 448, 20240531062944, 20240531092655
5, 352, 20241221000848, 20241221022559
5, 960, 20240409162012, 20240409194348
499, 897, 20240509221725, 20240509233920
859, 913, 20240409045919, 20240409060156
352, 519, 20241222150950, 20241222230021
763, 963, 20240430062449, 20240430121413
581, 889, 20240928190725, 20240928204853
192, 432, 20240221064555, 20240221094439

Group 3 Cluster 5:
Community 3:
51, 411, 20240828001254, 20240828040808
51, 958, 20240728154126, 20240728200440
51, 983, 20240604162420, 20240604190715
51, 678, 20240522051950, 20240522081012
411, 844, 20240524133133, 20240524194721
411, 882, 20240407180515, 20240407222845
830, 846, 20240420065406, 20240420140239
415, 919, 20240823111245, 20240823160137
415, 882, 20240422063406, 20240422085635
844, 846, 20240922165300, 20240923005109
517, 983, 20241205014213, 20241205085910
517, 652, 20240628001411, 20240628071109
652, 737, 20240615114022, 20240615152120
437, 737, 20240814072942, 20240814104153
598, 830, 20240518115020, 20240518140630
598, 680, 20241229171156, 20241229210410
313, 919, 20240825160746, 20240825171501
313, 327, 20241106135010, 20241106142342
327, 714, 20240610162536, 20240610200933
727, 737, 20241018125537, 20241018172220
194, 652, 20240829025700, 20240829073005
121, 919, 20240827021813, 20240827054002
462, 517, 20241023204545, 20241024014702
462, 478, 20241019170126, 20241019215654
58, 678, 20240404202241, 20240404223854
58, 348, 20240511034555, 20240511105708
288, 727, 20240419082434, 20240419145809
288, 400, 20241216115644, 20241216125531

Group 3 Cluster 6:
Community 4:
87, 337, 20241123065459, 20241123092244
87, 291, 20240514161304, 20240514202050
351, 431, 20240501000618, 20240501071624
431, 595, 20240612073417, 20240612095948
431, 755, 20241015172508, 20241015224832
70, 752, 20240925201844, 20240925212649
70, 265, 20240528144623, 20240528203326
70, 470, 20240620162713, 20240620192241
148, 785, 20240728133314, 20240728194619
148, 643, 20240120124920, 20240120192859
291, 336, 20240124163144, 20240124174648
586, 752, 20240329141141, 20240329201221
586, 786, 20240610185212, 20240611003046
613, 747, 20240728211952, 20240729040912
747, 937, 20240113111727, 20240113162535
747, 755, 20241109165224, 20241109174531
472, 941, 20240714095155, 20240714161221
211, 291, 20240331120505, 20240331144503
579, 786, 20240315094021, 20240315171209
579, 706, 20240820123408, 20240820161709
55, 199, 20240213181443, 20240214013046
55, 118, 20241213143258, 20241213145327
199, 853, 20240425011301, 20240425031815
336, 362, 20240508223719, 20240508232813
29, 891, 20241019124053, 20241019195003
29, 633, 20240220033248, 20240220064509
29, 715, 20240915123247, 20240915182613
385, 785, 20240801163547, 20240801232325
385, 891, 20241030025741, 20241030085722
385, 632, 20240109184102, 20240109203545
118, 595, 20240823125824, 20240823180324
595, 762, 20240205141845, 20240205143607
595, 818, 20241129142352, 20241129214424
559, 579, 20241226082552, 20241226130521
559, 642, 20240716023405, 20240716064508
559, 914, 20240203181943, 20240203234312
10, 755, 20240929171551, 20240929185115
389, 595, 20240209030216, 20240209060059
176, 785, 20240415182208, 20240415230326
176, 291, 20241012054610, 20241012061148
176, 586, 20241019215857, 20241019221229
403, 586, 20240801111337, 20240801185317
403, 472, 20240818124220, 20240818161832
403, 816, 20240919222523, 20240920013547
215, 713, 20240322042946, 20240322100501
713, 715, 20240517085914, 20240517164134
713, 818, 20240421165911, 20240421231837
706, 755, 20240719034555, 20240719095240
491, 713, 20240902081217, 20240902095249
182, 351, 20240520120602, 20240520161849
166, 706, 20241225044416, 20241225083330
129, 937, 20240916222922, 20240917011453
129, 362, 20240104062910, 20240104110318
129, 934, 20240323022530, 20240323064120
284, 470, 20240104130018, 20240104142745
284, 555, 20240305205416, 20240306025414
237, 747, 20240108224757, 20240109044846
249, 337, 20241106071630, 20241106141644
Community 11:
4, 577, 20240123162927, 20240123235450
4, 848, 20241214105900, 20241214140814
577, 860, 20241103104554, 20241103183330
406, 900, 20240806114424, 20240806192448
406, 817, 20240803182022, 20240803223424
269, 531, 20240817205358, 20240818010659
269, 930, 20241110160106, 20241110225330
531, 605, 20240306000838, 20240306010405
531, 932, 20240314075736, 20240314155700
14, 696, 20241111025402, 20241111072238
696, 817, 20241228164848, 20241229000449
930, 997, 20240327133417, 20240327181717
212, 565, 20241113053358, 20241113093627
212, 597, 20240202174818, 20240202204633
212, 566, 20241121180521, 20241121224410
565, 744, 20240729001850, 20240729013924
133, 269, 20240904023921, 20240904082756
133, 788, 20240427192613, 20240427230610
9, 597, 20240825113024, 20240825161009
9, 943, 20241130204444, 20241201044034
9, 723, 20240311010455, 20240311043605
597, 699, 20240430040945, 20240430115339
329, 696, 20240923013514, 20240923085905
329, 605, 20240322022822, 20240322043955
562, 572, 20241211074004, 20241211150549
572, 860, 20241022015714, 20241022082022
967, 997, 20241106085706, 20241106094348
418, 566, 20240206044621, 20240206065003
418, 932, 20240918190654, 20240919002715
601, 817, 20241024050453, 20241024080205
580, 699, 20241103184900, 20241103202820
580, 979, 20240321050816, 20240321082056
585, 597, 20241219142202, 20241219195451
83, 269, 20240615215026, 20240615223419
83, 585, 20240902074546, 20240902083605
142, 577, 20240924043311, 20240924100659
142, 585, 20240223233349, 20240224070715
492, 967, 20241003093746, 20241003120354
Community 19:
163, 599, 20240608155715, 20240608204427
163, 583, 20241229015155, 20241229021826
163, 644, 20241224180715, 20241224224255
481, 574, 20241021034226, 20241021074551
481, 654, 20241004000218, 20241004073738
481, 801, 20240412221128, 20240413011721
481, 700, 20240424230517, 20240424232145
309, 903, 20240202173318, 20240202175429
309, 583, 20240606165341, 20240606215355
309, 796, 20240503001059, 20240503030042
171, 591, 20241123102843, 20241123112947
171, 796, 20241119231802, 20241120032956
654, 666, 20240521224506, 20240522044010
487, 575, 20241115211956, 20241116041141
487, 676, 20240801123227, 20240801140337
575, 998, 20241025005922, 20241025082720
82, 438, 20240115030801, 20240115063759
82, 929, 20240518224912, 20240519031115
105, 347, 20240529211036, 20240529222920
105, 644, 20240316022857, 20240316045232
347, 666, 20240818104904, 20240818144659
444, 599, 20240117025030, 20240117054407
583, 854, 20241228151120, 20241228215540
583, 929, 20240211042334, 20240211112334
676, 801, 20240926145348, 20240926152516
341, 998, 20240123052310, 20240123121555
341, 796, 20240714130959, 20240714151348
929, 988, 20240822013443, 20240822093238
665, 666, 20240127100010, 20240127135231
683, 929, 20240711093316, 20240711153958
89, 665, 20241230103746, 20241230170149

Group 3 Cluster 3:
Community 5:
132, 564, 20240115032325, 20240115050008
290, 999, 20240812143214, 20240812203039
290, 589, 20240509144757, 20240509203524
445, 720, 20240425205652, 20240426020956
445, 947, 20240215010423, 20240215051259
445, 456, 20240516025634, 20240516062440
445, 910, 20240923171517, 20240923182921
23, 152, 20240815193537, 20240816020128
23, 236, 20240326053041, 20240326071925
152, 509, 20240228104437, 20240228184328
152, 390, 20241115022617, 20241115083903
152, 841, 20240327102701, 20240327143053
334, 399, 20240803205259, 20240804034257
334, 878, 20240417062241, 20240417110730
564, 993, 20240304111336, 20240304180654
283, 394, 20240602040408, 20240602060524
283, 942, 20240803003052, 20240803051105
394, 769, 20240227144623, 20240227202757
38, 391, 20240521140321, 20240521143033
38, 871, 20240628110120, 20240628164006
391, 945, 20240321002014, 20240321063743
203, 500, 20240602123817, 20240602183529
203, 871, 20241108085241, 20241108110534
500, 993, 20240915133618, 20240915140956
589, 823, 20240330042153, 20240330111804
589, 1000, 20240422103613, 20240422130350
254, 617, 20240812143210, 20240812203502
617, 993, 20241031211121, 20241031232737
473, 564, 20241128200620, 20241129022355
473, 885, 20240509104511, 20240509183501
509, 1000, 20240730121151, 20240730133942
456, 769, 20240405140019, 20240405200515
125, 203, 20240526195935, 20240527014030
243, 999, 20240512102105, 20240512174337
243, 456, 20240416043807, 20240416065311
3, 885, 20241008235659, 20241009044428
3, 841, 20240419201501, 20240420025232
390, 823, 20240612024849, 20240612062826
461, 945, 20241124235119, 20241125031458
461, 942, 20240213111123, 20240213172828
772, 945, 20241021161816, 20241021174621
594, 885, 20241020104504, 20241020174022
33, 399, 20241115104015, 20241115124939
33, 500, 20240609053141, 20240609054548
13, 125, 20240124224754, 20240125062223
13, 84, 20240918233311, 20240919010811
84, 132, 20240226103115, 20240226162227
659, 823, 20240926060854, 20240926083416

Group 3 Cluster 4:
Community 7:
138, 398, 20240404073619, 20240404095634
138, 335, 20240228071742, 20240228124422
138, 813, 20240521113523, 20240521151316
398, 980, 20240328101902, 20240328163413
398, 969, 20241017155701, 20241017181701
109, 449, 20240808152616, 20240808203635
109, 822, 20240124112221, 20240124183231
449, 450, 20240722124022, 20240722172651
80, 809, 20240410014916, 20240410071715
80, 918, 20240121062618, 20240121074206
80, 721, 20241125150151, 20241125162459
101, 819, 20241009072053, 20241009151600
819, 824, 20240827021003, 20240827031925
819, 964, 20240122053459, 20240122115311
27, 754, 20240313060536, 20240313103908
27, 440, 20240413035916, 20240413080741
27, 793, 20241030150651, 20241030223057
754, 964, 20240928232546, 20240928233734
540, 754, 20240313120326, 20240313164323
540, 771, 20240621211931, 20240622024915
65, 109, 20240517095741, 20240517161606
65, 824, 20240319164508, 20240319203854
363, 918, 20241003052218, 20241003110338
363, 980, 20241123205249, 20241124004937
363, 887, 20241112211451, 20241113045657
335, 819, 20240912055913, 20240912134632
11, 101, 20240410113659, 20240410133913
276, 459, 20240907045822, 20240907050906
440, 918, 20240801044759, 20240801094157
440, 822, 20240609131518, 20240609165950
78, 980, 20241027011001, 20241027014947
78, 794, 20240115195754, 20240116005416
110, 459, 20240227124129, 20240227180612
110, 573, 20240129024110, 20240129071657
110, 824, 20241015113121, 20241015192947
514, 730, 20240414133545, 20240414172107
514, 793, 20240723095919, 20240723111730
200, 730, 20240225142140, 20240225221743
200, 343, 20240201183051, 20240201234408
200, 964, 20240731024709, 20240731080051
343, 464, 20240229092031, 20240229092319
1, 449, 20240212215537, 20240212232140
6, 110, 20240515193832, 20240516021404
179, 503, 20241216094120, 20241216134902
503, 809, 20240810094411, 20240810144538
310, 721, 20240825131459, 20240825203646
592, 793, 20240518195155, 20240518205205
430, 730, 20240915074700, 20240915141231
227, 730, 20241014073512, 20241014132610
Community 8:
204, 651, 20241206033837, 20241206042803
651, 776, 20241108100914, 20241108114555
847, 908, 20240917165029, 20240917181952
338, 729, 20240502115732, 20240502185613
338, 413, 20240313035747, 20240313055541
338, 975, 20240716012752, 20240716020533
338, 693, 20240820035102, 20240820111329
173, 651, 20240523023746, 20240523050320
173, 862, 20241225144832, 20241225152017
173, 773, 20240111145517, 20240111202305
169, 204, 20240515152926, 20240515191919
169, 628, 20240503144454, 20240503194008
425, 908, 20241008223531, 20241009031259
425, 522, 20240121230122, 20240122040828
425, 776, 20240212134905, 20240212205615
367, 618, 20240202012523, 20240202045608
367, 773, 20240816032433, 20240816043054
367, 619, 20240218163746, 20240218183745
498, 651, 20240826125153, 20240826131115
498, 619, 20240323135412, 20240323201844
413, 489, 20240818004349, 20240818015429
359, 773, 20240313140318, 20240313203249
359, 975, 20240328015407, 20240328075010
73, 619, 20241109235335, 20241110010151
73, 223, 20240426170224, 20240426180757
73, 742, 20240404211136, 20240405050648
223, 489, 20240430120908, 20240430162018
178, 204, 20240616141104, 20240616220107
776, 803, 20240526040240, 20240526082513
112, 582, 20240705102034, 20240705172527
582, 618, 20240211160653, 20240211191051
146, 307, 20241128111731, 20241128185314
146, 240, 20241001010206, 20241001034938
146, 803, 20240816234146, 20240817033306
751, 908, 20240215202206, 20240216032424
457, 618, 20241005170611, 20241005205953
457, 489, 20240705221244, 20240706054413
238, 307, 20240310014054, 20240310091550
247, 367, 20240820185729, 20240820221844

Group 3 Cluster 1:
Community 12:
797, 984, 20240407192441, 20240407201033
797, 869, 20240123220704, 20240124022647
797, 828, 20240209202213, 20240210042208
476, 928, 20240916193546, 20240917033030
16, 465, 20240116214237, 20240116234218
16, 827, 20241224172040, 20241224182534
16, 834, 20240502205941, 20240503044920
16, 374, 20241023215932, 20241023220145
16, 222, 20240806041800, 20240806084211
137, 711, 20240508225353, 20240509003038
711, 827, 20240922211836, 20240922234804
638, 770, 20241120030717, 20241120052747
198, 797, 20241103071643, 20241103141812
198, 770, 20240105103537, 20240105163222
198, 639, 20241205220720, 20241206040354
198, 252, 20241205205741, 20241205222716
911, 928, 20240715072813, 20240715144445
372, 465, 20241123173908, 20241123182228
639, 849, 20240531103426, 20240531104544
849, 927, 20240622104620, 20240622150647
274, 849, 20240411093328, 20240411120022
8, 533, 20240525153154, 20240525213022
625, 927, 20240930011653, 20240930085354
325, 869, 20240410201225, 20240411010021
834, 928, 20241018002459, 20241018005830
186, 372, 20240130054128, 20240130110938
186, 274, 20241018002617, 20241018054253
186, 615, 20240920204638, 20240921003952
356, 638, 20241130161431, 20241130205424
533, 987, 20240109161710, 20240109180513
333, 615, 20240902001016, 20240902063132
784, 828, 20240928143248, 20240928200335
149, 625, 20240515185725, 20240515194640
374, 611, 20241207112955, 20241207130947
207, 869, 20240619124714, 20240619163517
207, 533, 20241016023311, 20241016023757
222, 797, 20240625192503, 20240625223613
252, 420, 20240107183825, 20240108021806
427, 834, 20240228032756, 20240228102657
259, 625, 20240605063824, 20240605101556
36, 420, 20240930232913, 20241001042014
Community 13:
567, 922, 20240818194057, 20240818202926
674, 922, 20240803014716, 20240803035956
691, 768, 20240814011849, 20240814082856
691, 840, 20241010153341, 20241010233117
407, 660, 20240203060507, 20240203094156
407, 946, 20241205052101, 20241205120932
660, 777, 20240908191613, 20240908194730
660, 701, 20241002194131, 20241003024107
588, 874, 20240703045341, 20240703074233
588, 825, 20240624054723, 20240624090653
588, 840, 20240904020406, 20240904022248
175, 318, 20240202191940, 20240202212217
175, 966, 20240508124500, 20240508201236
768, 777, 20240224072703, 20240224132231
230, 874, 20240213222815, 20240214062034
230, 520, 20240420032305, 20240420055014
230, 655, 20240908160255, 20240908163928
825, 966, 20240428150526, 20240428213541
218, 407, 20240229030738, 20240229080129
275, 520, 20240324125605, 20240324204150
520, 966, 20240720112516, 20240720123721
520, 701, 20240515161645, 20240515165643
88, 777, 20241012234917, 20241013024901
49, 520, 20240523001618, 20240523052534
49, 761, 20240421063158, 20240421095146
650, 691, 20240820005846, 20240820053729
650, 782, 20241120022101, 20241120081654
267, 825, 20241125064009, 20241125124410
229, 520, 20240801185926, 20240802005146
229, 916, 20240720090131, 20240720165546
229, 606, 20240623113044, 20240623135617
41, 230, 20240205195924, 20240205223846
282, 658, 20240704220756, 20240705014627
282, 606, 20240122193343, 20240122224655
221, 777, 20240824194117, 20240825001236
221, 485, 20241022102455, 20241022142432
782, 922, 20240613165454, 20240613220747
31, 922, 20240510023144, 20240510095331
31, 916, 20241112174356, 20241112231923
31, 840, 20240605205939, 20240605210657
172, 230, 20240614162716, 20240614232249
172, 656, 20240914200531, 20240915032900
130, 674, 20241010133133, 20241010170738
130, 159, 20240605070652, 20240605071314
43, 650, 20240416100058, 20240416131407
39, 289, 20240220163559, 20240220190342
39, 297, 20240923174145, 20240923233146
39, 159, 20241211020825, 20241211062203
113, 768, 20241105230442, 20241106022507
113, 506, 20240209145546, 20240209163103
113, 880, 20240307142426, 20240307214214
569, 674, 20240210034423, 20240210110459
373, 946, 20240617234845, 20240618070725
Community 14:
305, 322, 20240816011043, 20240816074710
305, 560, 20241217233033, 20241218043312
322, 852, 20240721060149, 20240721090133
322, 923, 20241031200640, 20241101032114
86, 383, 20240923155539, 20240923201959
383, 990, 20240826233959, 20240827025321
548, 757, 20241007195642, 20241008034205
548, 799, 20240629165304, 20240629213301
2, 649, 20241130032051, 20241130090426
2, 726, 20240726061636, 20240726115018
649, 663, 20240201161621, 20240201192252
103, 560, 20240301014650, 20240301065731
103, 596, 20240905114831, 20240905124653
382, 408, 20240518160705, 20240518224433
382, 596, 20240430131456, 20240430182533
239, 669, 20240628221642, 20240629022026
239, 851, 20240308153708, 20240308223423
414, 953, 20240811063108, 20240811063440
414, 446, 20240526103107, 20240526111706
161, 246, 20240308120334, 20240308170601
161, 526, 20240419005537, 20240419051839
246, 669, 20241214170714, 20241214190920
246, 705, 20240901083037, 20240901120249
164, 320, 20241227092227, 20241227112450
164, 954, 20240706112233, 20240706170651
164, 923, 20241207232535, 20241208004936
164, 940, 20240107121847, 20240107141322
320, 953, 20240715190008, 20240715222917
241, 382, 20240530033822, 20240530090927
241, 851, 20241128184616, 20241128213731
241, 792, 20240317073502, 20240317104715
326, 851, 20240703171017, 20240703203550
124, 320, 20240418230623, 20240419063750
124, 851, 20240109100427, 20240109125301
321, 954, 20241216052512, 20241216084100
321, 990, 20240802101027, 20240802104049
56, 799, 20240502131200, 20240502154914
56, 705, 20241213165205, 20241213213911
526, 884, 20240724115709, 20240724130237
596, 931, 20240705060712, 20240705074220
550, 923, 20240101150036, 20240101215644
837, 953, 20241125190506, 20241125233608
494, 953, 20240121213545, 20240122012728
494, 799, 20240217014159, 20240217065246
180, 550, 20240713181958, 20240713194620
536, 649, 20240102145939, 20240102160439
536, 953, 20240112034241, 20240112051355

Group 3 Cluster 8:
Community 17:
497, 622, 20240618172003, 20240618210851
497, 528, 20240215014818, 20240215022759
576, 584, 20240316141908, 20240316173807
584, 935, 20240905003127, 20240905003906
528, 570, 20240629044244, 20240629111133
528, 741, 20240611064211, 20240611104838
528, 708, 20240105081936, 20240105133149
570, 758, 20240717200740, 20240717212505
558, 924, 20240907101317, 20240907133010
558, 857, 20240601135755, 20240601154326
738, 924, 20240823001812, 20240823032335
397, 926, 20240118195452, 20240119021403
20, 570, 20241214013218, 20241214024943
20, 926, 20240805095903, 20240805155613
20, 364, 20240405134626, 20240405213617
202, 397, 20240805095340, 20240805135341
189, 758, 20240505073050, 20240505123623
189, 995, 20240102060302, 20240102123100
189, 369, 20240131143508, 20240131203611
95, 640, 20240123214631, 20240124011329
95, 232, 20240412105422, 20240412175348
95, 502, 20240517221600, 20240518033302
217, 576, 20240325113405, 20240325151525
174, 738, 20241008045431, 20241008075111
174, 532, 20240930153802, 20240930231927
532, 935, 20240709171421, 20240709224147
139, 640, 20240426131037, 20240426192133
120, 535, 20240412134436, 20240412201313
120, 857, 20240707104926, 20240707161234
535, 734, 20240722190917, 20240722210059
158, 576, 20240611142234, 20240611204711
158, 568, 20240418190021, 20240419011148
158, 511, 20241228045723, 20241228112944
568, 995, 20240525161539, 20240525191702
353, 570, 20240909235838, 20240910023203
256, 857, 20240828054427, 20240828085953
330, 397, 20240906124721, 20240906160948
330, 758, 20240820145042, 20240820211844
156, 741, 20241226194716, 20241226213521
156, 231, 20240512174040, 20240512211612
521, 924, 20240305160640, 20240305172046
231, 558, 20240908122335, 20240908134557
99, 640, 20241030191023, 20241031014542
99, 734, 20240704131926, 20240704174934

Group 3 Cluster 7:
Community 23:
439, 505, 20241016003003, 20241016051438
439, 695, 20241014110911, 20241014141058
832, 921, 20240225092231, 20240225112726
868, 951, 20240107002540, 20240107051638
736, 868, 20240606031731, 20240606083540
195, 361, 20240315065229, 20240315092743
361, 725, 20240628041140, 20240628070259
361, 441, 20240913100024, 20240913173656
523, 725, 20240625213135, 20240626005255
523, 604, 20241020061207, 20241020063859
523, 702, 20240616115657, 20240616155955
208, 725, 20240908053053, 20240908081515
474, 832, 20240823080301, 20240823142831
474, 523, 20241203221016, 20241204045555
474, 545, 20240808002615, 20240808062044
474, 798, 20240802222519, 20240803052150
545, 736, 20240822051832, 20240822064758
545, 695, 20241116130524, 20241116175724
324, 695, 20240803143735, 20240803193114
324, 365, 20241203232827, 20241204003055
324, 653, 20240803000423, 20240803005450
648, 868, 20240825202206, 20240825234831
365, 392, 20240306203208, 20240306233350
510, 736, 20241124084410, 20241124100913
510, 904, 20240629232821, 20240630002312
90, 361, 20240101121127, 20240101184636
160, 365, 20240223180328, 20240223202911
160, 358, 20240204102939, 20240204162337
557, 725, 20241223123341, 20241223131742
111, 505, 20241015054225, 20241015115526

Group 3 Cluster 9:
Community 24:
530, 807, 20240617180014, 20240617195847
436, 867, 20240403094713, 20240403150730
436, 856, 20240812164805, 20240812165322
507, 867, 20240828161358, 20240828215106
507, 996, 20240124094342, 20240124114044
435, 807, 20241128060259, 20241128071045
435, 907, 20240711072715, 20240711090129
323, 602, 20241209023757, 20241209090605
323, 896, 20240223085537, 20240223112420
602, 807, 20240214171020, 20240214203159
270, 436, 20240523010410, 20240523020711
188, 530, 20240303115144, 20240303180856
188, 748, 20241120223239, 20241121061753
188, 287, 20240502163645, 20240502194623
718, 807, 20240717194355, 20240717234759
516, 624, 20240307043500, 20240307095952
516, 634, 20240718100417, 20240718144935
279, 996, 20240324160506, 20240324202611
279, 323, 20240703000852, 20240703011812
317, 507, 20240516124241, 20240516142845
62, 435, 20240603222157, 20240604061753
91, 634, 20240714081247, 20240714160836
634, 709, 20240620041344, 20240620070334
634, 718, 20240206234315, 20240207034038
896, 906, 20240606194242, 20240607012239

